42,4,4,3,4,0,0,0
43,4,4,4,3,0,0,0
45,4,5,2,4,0,0,0
46,4,5,3,3,0,0,0
97,3,3,4,2,0,1,0
106,3,5,4,0,0,1,0
108,4,3,4,4,0,1,0
111,4,4,4,3,0,1,0
114,4,5,3,3,0,1,0
115,4,5,4,2,0,1,0
119,4,6,3,2,0,1,0
120,4,6,4,1,0,1,0
146,1,3,1,0,1,0,0
156,2,3,3,0,1,0,0
161,3,2,3,4,1,0,0
164,3,3,3,3,1,0,0
165,3,3,4,2,1,0,0
167,3,4,2,3,1,0,0
168,3,4,3,2,1,0,0
170,3,5,0,4,1,0,0
175,4,2,5,4,1,0,0
179,4,4,4,3,1,0,0
180,4,4,5,2,1,0,0
181,4,5,2,4,1,0,0
182,4,5,3,3,1,0,0
185,4,6,1,4,1,0,0
231,3,3,2,4,0,0,1
236,3,4,3,2,0,0,1
239,3,5,1,3,0,0,1
240,3,5,2,2,0,0,1
244,4,3,4,4,0,0,1
247,4,4,4,3,0,0,1
250,4,5,3,3,0,0,1
254,4,6,2,3,0,0,1
291,2,3,2,1,1,1,0
296,3,1,4,4,1,1,0
298,3,2,4,3,1,1,0
300,3,3,3,3,1,1,0
304,3,4,3,2,1,1,0
310,3,5,4,0,1,1,0
312,4,3,4,4,1,1,0
313,4,3,5,3,1,1,0
316,4,4,5,2,1,1,0
318,4,5,3,3,1,1,0
319,4,5,4,2,1,1,0
356,2,2,3,1,1,0,1
359,2,3,2,1,1,0,1
364,3,1,4,4,1,0,1
369,3,3,4,2,1,0,1
371,3,4,2,3,1,0,1
372,3,4,3,2,1,0,1
375,3,5,1,3,1,0,1
383,4,4,4,3,1,0,1
386,4,5,3,3,1,0,1
389,4,6,1,4,1,0,1
390,4,6,2,3,1,0,1
437,3,3,4,2,0,1,1
446,3,5,4,0,0,1,1
448,4,3,4,4,0,1,1
451,4,4,4,3,0,1,1
454,4,5,3,3,0,1,1
455,4,5,4,2,0,1,1
459,4,6,3,2,0,1,1
496,2,3,3,0,1,1,1
499,2,4,2,0,1,1,1
500,3,1,4,4,1,1,1
501,3,2,3,4,1,1,1
502,3,2,4,3,1,1,1
503,3,3,2,4,1,1,1
504,3,3,3,3,1,1,1
517,4,3,5,3,1,1,1
519,4,4,4,3,1,1,1
520,4,4,5,2,1,1,1
522,4,5,3,3,1,1,1
523,4,5,4,2,1,1,1
527,4,6,3,2,1,1,1
555,2,0,3,3,1/2,1/3,1/4
560,2,2,3,1,1/2,1/3,1/4
563,2,3,2,1,1/2,1/3,1/4
564,2,3,3,0,1/2,1/3,1/4
567,2,4,2,0,1/2,1/3,1/4
568,3,1,4,4,1/2,1/3,1/4
569,3,2,3,4,1/2,1/3,1/4
570,3,2,4,3,1/2,1/3,1/4
571,3,3,2,4,1/2,1/3,1/4
572,3,3,3,3,1/2,1/3,1/4
573,3,3,4,2,1/2,1/3,1/4
575,3,4,2,3,1/2,1/3,1/4
576,3,4,3,2,1/2,1/3,1/4
577,3,4,4,1,1/2,1/3,1/4
578,3,5,0,4,1/2,1/3,1/4
579,3,5,1,3,1/2,1/3,1/4
580,3,5,2,2,1/2,1/3,1/4
581,3,5,3,1,1/2,1/3,1/4
584,4,3,4,4,1/2,1/3,1/4
586,4,4,3,4,1/2,1/3,1/4
587,4,4,4,3,1/2,1/3,1/4
590,4,5,3,3,1/2,1/3,1/4
594,4,6,2,3,1/2,1/3,1/4
628,2,2,3,1,1/3,1/5,1/7
632,2,3,3,0,1/3,1/5,1/7
636,3,1,4,4,1/3,1/5,1/7
637,3,2,3,4,1/3,1/5,1/7
638,3,2,4,3,1/3,1/5,1/7
639,3,3,2,4,1/3,1/5,1/7
640,3,3,3,3,1/3,1/5,1/7
641,3,3,4,2,1/3,1/5,1/7
643,3,4,2,3,1/3,1/5,1/7
644,3,4,3,2,1/3,1/5,1/7
647,3,5,1,3,1/3,1/5,1/7
648,3,5,2,2,1/3,1/5,1/7
649,3,5,3,1,1/3,1/5,1/7
652,4,3,4,4,1/3,1/5,1/7
655,4,4,4,3,1/3,1/5,1/7
658,4,5,3,3,1/3,1/5,1/7
661,4,6,1,4,1/3,1/5,1/7
662,4,6,2,3,1/3,1/5,1/7
694,2,2,1,3,1/4,1/2,1/8
696,2,2,3,1,1/4,1/2,1/8
700,2,3,3,0,1/4,1/2,1/8
703,2,4,2,0,1/4,1/2,1/8
704,3,1,4,4,1/4,1/2,1/8
705,3,2,3,4,1/4,1/2,1/8
706,3,2,4,3,1/4,1/2,1/8
708,3,3,3,3,1/4,1/2,1/8
709,3,3,4,2,1/4,1/2,1/8
712,3,4,3,2,1/4,1/2,1/8
713,3,4,4,1,1/4,1/2,1/8
714,3,5,0,4,1/4,1/2,1/8
716,3,5,2,2,1/4,1/2,1/8
720,4,3,4,4,1/4,1/2,1/8
723,4,4,4,3,1/4,1/2,1/8
724,4,4,5,2,1/4,1/2,1/8
726,4,5,3,3,1/4,1/2,1/8
729,4,6,1,4,1/4,1/2,1/8
730,4,6,2,3,1/4,1/2,1/8
759,2,0,3,3,1/2,1/2,1/2
762,2,2,1,3,1/2,1/2,1/2
764,2,2,3,1,1/2,1/2,1/2
768,2,3,3,0,1/2,1/2,1/2
771,2,4,2,0,1/2,1/2,1/2
772,3,1,4,4,1/2,1/2,1/2
773,3,2,3,4,1/2,1/2,1/2
774,3,2,4,3,1/2,1/2,1/2
776,3,3,3,3,1/2,1/2,1/2
777,3,3,4,2,1/2,1/2,1/2
778,3,4,1,4,1/2,1/2,1/2
779,3,4,2,3,1/2,1/2,1/2
780,3,4,3,2,1/2,1/2,1/2
781,3,4,4,1,1/2,1/2,1/2
782,3,5,0,4,1/2,1/2,1/2
783,3,5,1,3,1/2,1/2,1/2
784,3,5,2,2,1/2,1/2,1/2
786,3,5,4,0,1/2,1/2,1/2
788,4,3,4,4,1/2,1/2,1/2
790,4,4,3,4,1/2,1/2,1/2
791,4,4,4,3,1/2,1/2,1/2
794,4,5,3,3,1/2,1/2,1/2
797,4,6,1,4,1/2,1/2,1/2
798,4,6,2,3,1/2,1/2,1/2
818,1,0,2,2,1/3,1/3,1/3
820,1,1,1,2,1/3,1/3,1/3
822,1,2,0,2,1/3,1/3,1/3
827,2,0,3,3,1/3,1/3,1/3
828,2,1,2,3,1/3,1/3,1/3
829,2,1,3,2,1/3,1/3,1/3
830,2,2,1,3,1/3,1/3,1/3
831,2,2,2,2,1/3,1/3,1/3
832,2,2,3,1,1/3,1/3,1/3
833,2,3,0,3,1/3,1/3,1/3
834,2,3,1,2,1/3,1/3,1/3
835,2,3,2,1,1/3,1/3,1/3
836,2,3,3,0,1/3,1/3,1/3
837,2,4,0,2,1/3,1/3,1/3
838,2,4,1,1,1/3,1/3,1/3
839,2,4,2,0,1/3,1/3,1/3
840,3,1,4,4,1/3,1/3,1/3
841,3,2,3,4,1/3,1/3,1/3
842,3,2,4,3,1/3,1/3,1/3
843,3,3,2,4,1/3,1/3,1/3
844,3,3,3,3,1/3,1/3,1/3
845,3,3,4,2,1/3,1/3,1/3
846,3,4,1,4,1/3,1/3,1/3
847,3,4,2,3,1/3,1/3,1/3
848,3,4,3,2,1/3,1/3,1/3
849,3,4,4,1,1/3,1/3,1/3
850,3,5,0,4,1/3,1/3,1/3
851,3,5,1,3,1/3,1/3,1/3
852,3,5,2,2,1/3,1/3,1/3
853,3,5,3,1,1/3,1/3,1/3
854,3,5,4,0,1/3,1/3,1/3
855,4,2,5,4,1/3,1/3,1/3
856,4,3,4,4,1/3,1/3,1/3
857,4,3,5,3,1/3,1/3,1/3
858,4,4,3,4,1/3,1/3,1/3
859,4,4,4,3,1/3,1/3,1/3
860,4,4,5,2,1/3,1/3,1/3
861,4,5,2,4,1/3,1/3,1/3
862,4,5,3,3,1/3,1/3,1/3
863,4,5,4,2,1/3,1/3,1/3
864,4,5,5,1,1/3,1/3,1/3
865,4,6,1,4,1/3,1/3,1/3
866,4,6,2,3,1/3,1/3,1/3
867,4,6,3,2,1/3,1/3,1/3
868,4,6,4,1,1/3,1/3,1/3
869,4,6,5,0,1/3,1/3,1/3
870,5,3,6,5,1/3,1/3,1/3
871,5,4,5,5,1/3,1/3,1/3
872,5,4,6,4,1/3,1/3,1/3
873,5,5,4,5,1/3,1/3,1/3
874,5,5,5,4,1/3,1/3,1/3
875,5,5,6,3,1/3,1/3,1/3
876,5,6,3,5,1/3,1/3,1/3
877,5,6,4,4,1/3,1/3,1/3
878,5,6,5,3,1/3,1/3,1/3
879,5,6,6,2,1/3,1/3,1/3
880,5,7,2,5,1/3,1/3,1/3
881,5,7,3,4,1/3,1/3,1/3
882,5,7,4,3,1/3,1/3,1/3
883,5,7,5,2,1/3,1/3,1/3
884,5,7,6,1,1/3,1/3,1/3
